10
4
2000
1110
0000
3111
4
0011
1021
1100
3110
5
10010
11010
31112
11010
01011
5
10003
00101
10001
01100
00021
8
20100000
10001101
10100101
00010000
01011010
01010010
00000100
10110103
8
11101001
11100010
11110110
11100000
11001101
11100000
11121013
00000000
8
31100000
00001101
01010000
01000110
00010100
01000012
00011000
10101010
8
01012010
01000100
00010110
10110100
00001001
01100010
01001000
00013110
8
10100001
00001100
11100010
10101000
00000010
11010100
31011010
11001020
8
00000002
10101010
01000010
00101011
10100101
00010000
11000110
30010010

